f=5.11111116409301757812500000000000
g=5.11111111111111071636514679994434
